# Date: 18/06/2015-13:43:37
# Center: 505225000.0
# Span: 100000.0
# Points: 2001
-0.8771330714225769	-0.3145545423030853
-0.8771378993988037	-0.3141947090625763
-0.8771344423294067	-0.31384849548339844
-0.8773189783096313	-0.31353652477264404
-0.8773065805435181	-0.3131328821182251
-0.8773434162139893	-0.3128660023212433
-0.8774116039276123	-0.3123960793018341
-0.8775279521942139	-0.3120998740196228
-0.8774194717407227	-0.311792254447937
-0.8776035904884338	-0.3113139569759369
-0.8775853514671326	-0.31098926067352295
-0.8776186108589172	-0.3107745349407196
-0.8776993155479431	-0.3102673292160034
-0.8777735233306885	-0.3100033402442932
-0.8776460289955139	-0.3096315264701843
-0.8779138326644897	-0.3093017339706421
-0.8779656291007996	-0.3089163601398468
-0.8779946565628052	-0.30856046080589294
-0.878056526184082	-0.30817776918411255
-0.8780609369277954	-0.3078240156173706
-0.878028392791748	-0.30751466751098633
-0.8781141638755798	-0.30717408657073975
-0.8783258199691772	-0.3066715598106384
-0.8782438635826111	-0.3063989579677582
-0.8782450556755066	-0.30597904324531555
-0.8783934116363525	-0.3055536448955536
-0.8784022331237793	-0.30527275800704956
-0.8784744143486023	-0.3050489127635956
-0.8785513043403625	-0.3045547306537628
-0.8785378932952881	-0.3040609061717987
-0.8787107467651367	-0.3038356900215149
-0.8786511421203613	-0.3034476041793823
-0.8786965012550354	-0.303113728761673
-0.8788068890571594	-0.3026868402957916
-0.8787988424301147	-0.3023010790348053
-0.8788342475891113	-0.3019411861896515
-0.8788838386535645	-0.301507830619812
-0.8790910243988037	-0.3012845516204834
-0.8790278434753418	-0.3008173406124115
-0.8789586424827576	-0.3004409670829773
-0.8792380690574646	-0.30011433362960815
-0.8791801929473877	-0.2997032105922699
-0.8791102170944214	-0.29934951663017273
-0.8792571425437927	-0.29900744557380676
-0.8792483806610107	-0.2985743284225464
-0.8792869448661804	-0.29818636178970337
-0.8794209361076355	-0.2978656589984894
-0.879461944103241	-0.2973599433898926
-0.8794129490852356	-0.2970912754535675
-0.8794665932655334	-0.29665276408195496
-0.8795584440231323	-0.2963777184486389
-0.8796161413192749	-0.29592224955558777
-0.8795668482780457	-0.2956107258796692
-0.8797563910484314	-0.29520300030708313
-0.8797205090522766	-0.29478776454925537
-0.8797502517700195	-0.29437291622161865
-0.87990403175354	-0.2940933108329773
-0.8798500299453735	-0.2937602400779724
-0.879901111125946	-0.29316210746765137
-0.8799206018447876	-0.2929077744483948
-0.879952609539032	-0.29240018129348755
-0.8800926804542542	-0.29217663407325745
-0.880027711391449	-0.29181158542633057
-0.8801854252815247	-0.29138749837875366
-0.8801398277282715	-0.2909351885318756
-0.8802975416183472	-0.2905580401420593
-0.8803223371505737	-0.29021814465522766
-0.8802834153175354	-0.28978753089904785
-0.880323052406311	-0.2894122898578644
-0.8804277181625366	-0.2891586720943451
-0.8805139064788818	-0.288597047328949
-0.8804925084114075	-0.2882121801376343
-0.88060462474823	-0.28787437081336975
-0.8805533647537231	-0.2873842716217041
-0.8805245161056519	-0.287033349275589
-0.8806676268577576	-0.2867109179496765
-0.8807539939880371	-0.2862887978553772
-0.8806897401809692	-0.2858510911464691
-0.8808069229125977	-0.2854654788970947
-0.8807812929153442	-0.285128653049469
-0.8808197975158691	-0.2847188413143158
-0.8809146285057068	-0.28434762358665466
-0.8809128403663635	-0.28387758135795593
-0.8808285593986511	-0.2834133505821228
-0.881009578704834	-0.283162921667099
-0.8811097145080566	-0.28269970417022705
-0.8810485005378723	-0.28223904967308044
-0.8810608386993408	-0.28192099928855896
-0.8812431693077087	-0.2814439833164215
-0.8811621069908142	-0.2810553312301636
-0.8812078237533569	-0.2806997299194336
-0.8813080191612244	-0.2802099287509918
-0.8812976479530334	-0.27990439534187317
-0.8813474178314209	-0.2795216143131256
-0.8814283609390259	-0.2790857255458832
-0.8813714981079102	-0.27864590287208557
-0.8814411163330078	-0.2783353626728058
-0.8815584182739258	-0.27783989906311035
-0.8815959095954895	-0.27739009261131287
-0.8816055655479431	-0.27705952525138855
-0.8817079663276672	-0.2766765356063843
-0.8816847205162048	-0.2761169672012329
-0.8815605044364929	-0.27592214941978455
-0.8818047642707825	-0.275402694940567
-0.8817559480667114	-0.27501624822616577
-0.8818120956420898	-0.27456462383270264
-0.8819146752357483	-0.2741026282310486
-0.8818640112876892	-0.2737981677055359
-0.881831169128418	-0.2733598053455353
-0.8819026947021484	-0.27288398146629333
-0.8819972276687622	-0.27249273657798767
-0.8819423317909241	-0.2720198929309845
-0.8820194005966187	-0.27177882194519043
-0.8822080492973328	-0.2713107466697693
-0.8820984363555908	-0.2708575129508972
-0.8822537064552307	-0.2704985439777374
-0.8822118639945984	-0.269969642162323
-0.8821882009506226	-0.2696355879306793
-0.8823210597038269	-0.2692587077617645
-0.8822622895240784	-0.2687525749206543
-0.8822712898254395	-0.26828110218048096
-0.8823381066322327	-0.2678498923778534
-0.8824409246444702	-0.26740890741348267
-0.8824005126953125	-0.2670157253742218
-0.8825580477714539	-0.26668500900268555
-0.8824929594993591	-0.2661459445953369
-0.8825448155403137	-0.26573556661605835
-0.8824713230133057	-0.26538923382759094
-0.882632851600647	-0.2649248242378235
-0.882602334022522	-0.26443079113960266
-0.8826141357421875	-0.26402974128723145
-0.8825727701187134	-0.26371628046035767
-0.8827205896377563	-0.2631578743457794
-0.8827107548713684	-0.2627178430557251
-0.8828040957450867	-0.2623564600944519
-0.8827924132347107	-0.26192528009414673
-0.882809042930603	-0.26147282123565674
-0.8828672766685486	-0.26095691323280334
-0.8830292224884033	-0.2605436444282532
-0.882783830165863	-0.26018989086151123
-0.8829425573348999	-0.2597670555114746
-0.8830326795578003	-0.2592451274394989
-0.8829257488250732	-0.2588701546192169
-0.8829612135887146	-0.25840121507644653
-0.8829486966133118	-0.2579687833786011
-0.8830491900444031	-0.2576148211956024
-0.8830135464668274	-0.25718116760253906
-0.8830125331878662	-0.2567158341407776
-0.883142352104187	-0.2562115490436554
-0.8831855654716492	-0.2557976245880127
-0.8832428455352783	-0.2554403841495514
-0.8832985162734985	-0.254897803068161
-0.8832709789276123	-0.2544134855270386
-0.8831547498703003	-0.2540043890476227
-0.883292555809021	-0.25355786085128784
-0.8831773400306702	-0.25319531559944153
-0.8833872079849243	-0.2525717318058014
-0.8833510875701904	-0.2522216737270355
-0.8832869529724121	-0.25172916054725647
-0.8833876252174377	-0.2514393925666809
-0.8834715485572815	-0.25099092721939087
-0.8832892179489136	-0.250327467918396
-0.8834326863288879	-0.25011059641838074
-0.8836094737052917	-0.24950793385505676
-0.8834998607635498	-0.24920110404491425
-0.8834808468818665	-0.24876782298088074
-0.8835950493812561	-0.2481139451265335
-0.883565366268158	-0.24763913452625275
-0.8835510015487671	-0.2473234385251999
-0.8836991190910339	-0.24687781929969788
-0.8835914134979248	-0.24634262919425964
-0.883659303188324	-0.24585773050785065
-0.8836866617202759	-0.2454288899898529
-0.8837841153144836	-0.24503733217716217
-0.883658766746521	-0.24463015794754028
-0.8837994337081909	-0.24413156509399414
-0.883680522441864	-0.2435166835784912
-0.8837181925773621	-0.24315115809440613
-0.8838272094726562	-0.24278630316257477
-0.8838379979133606	-0.24222567677497864
-0.8838077783584595	-0.24173647165298462
-0.8838518857955933	-0.2413136214017868
-0.883792519569397	-0.24080486595630646
-0.883872389793396	-0.24036912620067596
-0.8838805556297302	-0.2399781048297882
-0.8840351700782776	-0.23937003314495087
-0.8837804794311523	-0.2389698326587677
-0.8839027881622314	-0.23860500752925873
-0.8839960098266602	-0.23806419968605042
-0.8838837146759033	-0.23749494552612305
-0.8840097784996033	-0.2370540201663971
-0.8840785026550293	-0.23660047352313995
-0.8839735984802246	-0.23608826100826263
-0.8840143084526062	-0.23569443821907043
-0.8842077255249023	-0.23521068692207336
-0.8840398192405701	-0.23481100797653198
-0.8840226531028748	-0.23438696563243866
-0.8841743469238281	-0.23374181985855103
-0.8841047286987305	-0.23324713110923767
-0.8841379880905151	-0.23283684253692627
-0.8841910362243652	-0.23239144682884216
-0.8841285109519958	-0.2318785935640335
-0.8840311765670776	-0.23144370317459106
-0.8841535449028015	-0.2308005839586258
-0.8842344284057617	-0.23045365512371063
-0.8841164112091064	-0.22993765771389008
-0.8842225074768066	-0.22940461337566376
-0.8841654658317566	-0.22893717885017395
-0.8841300010681152	-0.2285413295030594
-0.8841266632080078	-0.22798116505146027
-0.8841543197631836	-0.22748643159866333
-0.8841493129730225	-0.2271507829427719
-0.884223222732544	-0.2264796793460846
-0.8842347264289856	-0.22604374587535858
-0.8842843174934387	-0.2256118357181549
-0.8841405510902405	-0.2250717580318451
-0.884261965751648	-0.22453799843788147
-0.8841541409492493	-0.22413653135299683
-0.8842453956604004	-0.2236189991235733
-0.8843593001365662	-0.2230372577905655
-0.8842390179634094	-0.22256234288215637
-0.8843274116516113	-0.22209560871124268
-0.8842951059341431	-0.2215733528137207
-0.8842741250991821	-0.2211151123046875
-0.8843045234680176	-0.22068555653095245
-0.8842136859893799	-0.22004105150699615
-0.8842490911483765	-0.21962717175483704
-0.8842962384223938	-0.21913005411624908
-0.884337842464447	-0.21863698959350586
-0.8843786716461182	-0.2181166112422943
-0.8842111229896545	-0.2176591455936432
-0.8843816518783569	-0.21713994443416595
-0.8842781782150269	-0.21657676994800568
-0.8842843174934387	-0.2161405086517334
-0.8843798637390137	-0.2155529409646988
-0.8842724561691284	-0.21500307321548462
-0.8842264413833618	-0.21458743512630463
-0.8842431306838989	-0.21409589052200317
-0.8843936920166016	-0.21354341506958008
-0.8843642473220825	-0.21305251121520996
-0.8843084573745728	-0.21264193952083588
-0.884395956993103	-0.21195660531520844
-0.8841192126274109	-0.2114705741405487
-0.884235143661499	-0.21105602383613586
-0.8842285871505737	-0.21060311794281006
-0.884238600730896	-0.20992377400398254
-0.8841004967689514	-0.20949731767177582
-0.8843348622322083	-0.20895081758499146
-0.8842610716819763	-0.2084435522556305
-0.8842155933380127	-0.207986980676651
-0.8843740224838257	-0.20743133127689362
-0.8842739462852478	-0.20683515071868896
-0.884068489074707	-0.20628581941127777
-0.8842799067497253	-0.2057896852493286
-0.884135365486145	-0.20530007779598236
-0.8841238021850586	-0.20467370748519897
-0.8841832876205444	-0.20431914925575256
-0.8841418623924255	-0.20372849702835083
-0.8841063380241394	-0.20319677889347076
-0.8841632008552551	-0.20279285311698914
-0.8841630220413208	-0.20221951603889465
-0.8841639757156372	-0.20165865123271942
-0.8840705752372742	-0.20103399455547333
-0.8841151595115662	-0.20057353377342224
-0.884029746055603	-0.200032576918602
-0.8840011954307556	-0.19955700635910034
-0.8841647505760193	-0.19893309473991394
-0.8839260339736938	-0.19840779900550842
-0.8839992880821228	-0.19792601466178894
-0.8841107487678528	-0.1973426192998886
-0.8839987516403198	-0.19681811332702637
-0.8839941024780273	-0.19631750881671906
-0.8839641213417053	-0.19573147594928741
-0.8838773369789124	-0.19526472687721252
-0.8837987184524536	-0.19467158615589142
-0.8840354681015015	-0.19418540596961975
-0.8838809728622437	-0.19351860880851746
-0.8838993310928345	-0.19314676523208618
-0.8838187456130981	-0.19242596626281738
-0.8838104009628296	-0.19190248847007751
-0.8837065100669861	-0.19142399728298187
-0.883928656578064	-0.19077733159065247
-0.8837519288063049	-0.1902313083410263
-0.8836458921432495	-0.18971580266952515
-0.8837160468101501	-0.18914178013801575
-0.8837416172027588	-0.18862059712409973
-0.8836444020271301	-0.18811897933483124
-0.8837285041809082	-0.18756183981895447
-0.883689820766449	-0.18687663972377777
-0.8835085034370422	-0.1864384263753891
-0.8835687637329102	-0.18598710000514984
-0.8836067318916321	-0.1853792816400528
-0.883403480052948	-0.18474505841732025
-0.8834139108657837	-0.18430441617965698
-0.8834375739097595	-0.18365247547626495
-0.8833240270614624	-0.18313732743263245
-0.8833985328674316	-0.18265828490257263
-0.8834472894668579	-0.18205894529819489
-0.8833990693092346	-0.18146055936813354
-0.8832793235778809	-0.18087270855903625
-0.8833696842193604	-0.18027545511722565
-0.8832851648330688	-0.17982114851474762
-0.8832224607467651	-0.1791401207447052
-0.8832953572273254	-0.1786121428012848
-0.8832051157951355	-0.1781502366065979
-0.8830776214599609	-0.17740541696548462
-0.8830980062484741	-0.17693455517292023
-0.8830352425575256	-0.17644619941711426
-0.8830446004867554	-0.17581388354301453
-0.8830647468566895	-0.17523659765720367
-0.8828352689743042	-0.17451825737953186
-0.8828153610229492	-0.1741212010383606
-0.8828386664390564	-0.17347680032253265
-0.8828741908073425	-0.17286419868469238
-0.8828339576721191	-0.17228060960769653
-0.8827593922615051	-0.17169028520584106
-0.8828411102294922	-0.17104670405387878
-0.8826852440834045	-0.17057400941848755
-0.8826345801353455	-0.17001008987426758
-0.8827065229415894	-0.169300377368927
-0.8824623823165894	-0.16891887784004211
-0.8824987411499023	-0.16828003525733948
-0.8824440240859985	-0.1676563024520874
-0.882378339767456	-0.1670933961868286
-0.8824222087860107	-0.1665107160806656
-0.8824753761291504	-0.1657535433769226
-0.8822578191757202	-0.16527512669563293
-0.8822174072265625	-0.1647399365901947
-0.882245659828186	-0.1640433818101883
-0.8821333646774292	-0.16357365250587463
-0.8821572065353394	-0.16297945380210876
-0.8821523189544678	-0.16235226392745972
-0.882056713104248	-0.16169516742229462
-0.8818665146827698	-0.16116872429847717
-0.8819413781166077	-0.1606079339981079
-0.8818762302398682	-0.15996870398521423
-0.8817107677459717	-0.15936744213104248
-0.8818280100822449	-0.15884225070476532
-0.8818346858024597	-0.1581244170665741
-0.881491482257843	-0.15759631991386414
-0.8816162347793579	-0.15700581669807434
-0.8816101551055908	-0.15626537799835205
-0.8814140558242798	-0.15575465559959412
-0.8814902305603027	-0.15520615875720978
-0.8814625144004822	-0.15450090169906616
-0.8813062310218811	-0.15397490561008453
-0.8812854886054993	-0.15341053903102875
-0.8812471628189087	-0.15267007052898407
-0.8810838460922241	-0.15209388732910156
-0.8811111450195312	-0.15158803761005402
-0.8810970187187195	-0.15091131627559662
-0.8809770345687866	-0.15022699534893036
-0.8808079957962036	-0.1497340202331543
-0.8809954524040222	-0.14912907779216766
-0.8807798624038696	-0.14842009544372559
-0.8806830048561096	-0.14780665934085846
-0.8807588219642639	-0.14724910259246826
-0.8805223703384399	-0.14652109146118164
-0.8804965019226074	-0.14597688615322113
-0.880620539188385	-0.1453617513179779
-0.8803356885910034	-0.14464642107486725
-0.8801977038383484	-0.1441020369529724
-0.8802751898765564	-0.14352931082248688
-0.8801602721214294	-0.14272108674049377
-0.87991863489151	-0.14213837683200836
-0.8800108432769775	-0.14160199463367462
-0.8799307346343994	-0.14088714122772217
-0.8797969222068787	-0.14028768241405487
-0.8798888325691223	-0.13966864347457886
-0.8798051476478577	-0.13910289108753204
-0.8795799612998962	-0.13842175900936127
-0.8797364234924316	-0.13782663643360138
-0.8795543313026428	-0.13704685866832733
-0.8793880343437195	-0.1365533024072647
-0.879376232624054	-0.13597528636455536
-0.879330575466156	-0.13519735634326935
-0.8791757822036743	-0.13459539413452148
-0.879065752029419	-0.13398543000221252
-0.8791817426681519	-0.13334380090236664
-0.8788118958473206	-0.13264918327331543
-0.8787785768508911	-0.13198255002498627
-0.8788080215454102	-0.13125604391098022
-0.8786498308181763	-0.1307116150856018
-0.8785572648048401	-0.13021337985992432
-0.8785393834114075	-0.12944401800632477
-0.8784278631210327	-0.1287423074245453
-0.8782925605773926	-0.12810847163200378
-0.8782997727394104	-0.12756308913230896
-0.8781981468200684	-0.12676745653152466
-0.8780144453048706	-0.1263401359319687
-0.8780468106269836	-0.12540969252586365
-0.8779214024543762	-0.12485604733228683
-0.8777509331703186	-0.12417834997177124
-0.8777236938476562	-0.1236487478017807
-0.8776254057884216	-0.12289846688508987
-0.877549409866333	-0.12225629389286041
-0.8774740099906921	-0.12161193042993546
-0.8773359656333923	-0.12087903916835785
-0.8772052526473999	-0.12019645422697067
-0.8770709037780762	-0.11958899348974228
-0.8770448565483093	-0.11883793771266937
-0.8769552111625671	-0.11825474351644516
-0.8768479228019714	-0.11766740679740906
-0.8768424391746521	-0.11679913848638535
-0.8765776753425598	-0.11619829386472702
-0.8766347169876099	-0.1156262680888176
-0.8766374588012695	-0.1149241030216217
-0.8763622045516968	-0.11424820125102997
-0.8763135671615601	-0.11364324390888214
-0.8762521147727966	-0.11290293186903
-0.876076340675354	-0.11215902864933014
-0.8759042024612427	-0.11152306199073792
-0.87583988904953	-0.11089421808719635
-0.8756132125854492	-0.11005131155252457
-0.875508189201355	-0.10943416506052017
-0.875572919845581	-0.10876242071390152
-0.875417947769165	-0.1079396978020668
-0.8751901984214783	-0.10738058388233185
-0.8751426935195923	-0.10675037652254105
-0.8749895691871643	-0.1060846745967865
-0.8748747110366821	-0.10533846169710159
-0.8747929334640503	-0.10471450537443161
-0.8747292757034302	-0.10392729938030243
-0.8745369911193848	-0.10329779237508774
-0.8744181394577026	-0.10262193530797958
-0.874306857585907	-0.10185796767473221
-0.8741961717605591	-0.10126616060733795
-0.8740627765655518	-0.10050498694181442
-0.8740247488021851	-0.09982859343290329
-0.8737826943397522	-0.09918306022882462
-0.8735643029212952	-0.09850825369358063
-0.8736245632171631	-0.09763896465301514
-0.8734011650085449	-0.09702043235301971
-0.8733642101287842	-0.09626290202140808
-0.8732063174247742	-0.09562976658344269
-0.8730855584144592	-0.09494203329086304
-0.8728213310241699	-0.09419363737106323
-0.872842013835907	-0.09347401559352875
-0.8725917339324951	-0.09271860867738724
-0.8725142478942871	-0.09194666147232056
-0.8723716735839844	-0.0913538783788681
-0.8721786737442017	-0.0906214565038681
-0.8720636367797852	-0.08996184170246124
-0.8720555305480957	-0.08924445509910583
-0.8718001842498779	-0.08857249468564987
-0.8716898560523987	-0.08778214454650879
-0.8716071844100952	-0.0871085673570633
-0.8713957071304321	-0.08627927303314209
-0.8711585998535156	-0.08566124737262726
-0.8711034059524536	-0.08487972617149353
-0.8710302114486694	-0.0841129869222641
-0.8707330226898193	-0.08354972302913666
-0.8706557750701904	-0.08273085951805115
-0.8705514669418335	-0.08205477148294449
-0.8702306151390076	-0.08127780258655548
-0.8701751232147217	-0.08063670992851257
-0.8700553178787231	-0.07979100197553635
-0.8698443174362183	-0.07904432713985443
-0.8697015643119812	-0.07837218046188354
-0.8696111440658569	-0.07765554636716843
-0.8694207668304443	-0.07686559855937958
-0.869246244430542	-0.07615391165018082
-0.8691487312316895	-0.07537497580051422
-0.8689873814582825	-0.07455701380968094
-0.8688146471977234	-0.07393375039100647
-0.8687251210212708	-0.07315903902053833
-0.8685083389282227	-0.07242412865161896
-0.8683217763900757	-0.07169020920991898
-0.8682458400726318	-0.07083922624588013
-0.8679922223091125	-0.0701482966542244
-0.8678375482559204	-0.06939876079559326
-0.8677169680595398	-0.06870812922716141
-0.8674030303955078	-0.06791195273399353
-0.867294192314148	-0.06724336743354797
-0.867173969745636	-0.06647802144289017
-0.8668723106384277	-0.06560853868722916
-0.8667104840278625	-0.06491460651159286
-0.866625189781189	-0.06419612467288971
-0.86634761095047	-0.0633174479007721
-0.866162896156311	-0.06261633336544037
-0.866144597530365	-0.06196366995573044
-0.8658706545829773	-0.06098082661628723
-0.8656572699546814	-0.060284946113824844
-0.8655426502227783	-0.05969809740781784
-0.865229070186615	-0.058679692447185516
-0.8651139140129089	-0.058122165501117706
-0.8648627996444702	-0.05734460428357124
-0.8647938966751099	-0.05644576996564865
-0.8645525574684143	-0.05569109693169594
-0.8643713593482971	-0.05492359772324562
-0.8643152713775635	-0.05411854013800621
-0.8639988899230957	-0.05346795544028282
-0.8638228178024292	-0.052756018936634064
-0.8637157678604126	-0.05186466872692108
-0.8633481860160828	-0.0511808805167675
-0.8630809187889099	-0.05046505481004715
-0.8630717396736145	-0.04959438741207123
-0.8627123832702637	-0.04864107817411423
-0.8626105189323425	-0.048086658120155334
-0.8624563813209534	-0.04728353023529053
-0.8621745109558105	-0.0463532991707325
-0.8618475198745728	-0.04574766010046005
-0.8618812561035156	-0.04492538049817085
-0.8615893721580505	-0.04402982443571091
-0.8613207936286926	-0.04334248602390289
-0.86113440990448	-0.042527902871370316
-0.8609321713447571	-0.04160211980342865
-0.8606973886489868	-0.0408838614821434
-0.860438346862793	-0.040101610124111176
-0.860171914100647	-0.039263639599084854
-0.8599582314491272	-0.03846702724695206
-0.8597899675369263	-0.03774020075798035
-0.8595889806747437	-0.03685383498668671
-0.8593641519546509	-0.03605923801660538
-0.8592149615287781	-0.035375047475099564
-0.8589905500411987	-0.03445214405655861
-0.8587056398391724	-0.033741485327482224
-0.8585477471351624	-0.032800085842609406
-0.8582155704498291	-0.03205392137169838
-0.8579654097557068	-0.031201176345348358
-0.8578525185585022	-0.030546313151717186
-0.857581377029419	-0.029633373022079468
-0.8572788834571838	-0.02887905016541481
-0.8571457862854004	-0.028064901009202003
-0.8568691611289978	-0.027117513120174408
-0.856478214263916	-0.026413381099700928
-0.8562526106834412	-0.02549116313457489
-0.8560041785240173	-0.024757739156484604
-0.8558257818222046	-0.023860622197389603
-0.8555687665939331	-0.022963903844356537
-0.8553290963172913	-0.022213183343410492
-0.8551284074783325	-0.021461904048919678
-0.8547821044921875	-0.020603934302926064
-0.8546210527420044	-0.019764557480812073
-0.8543456792831421	-0.01891736313700676
-0.8541403412818909	-0.018099050968885422
-0.8538458943367004	-0.01738259196281433
-0.8535158038139343	-0.01636693999171257
-0.8531637191772461	-0.015689147636294365
-0.8530290126800537	-0.014838799834251404
-0.8527520895004272	-0.01391709502786398
-0.8525150418281555	-0.013118469156324863
-0.8521499633789062	-0.012317942455410957
-0.8519662618637085	-0.011432241648435593
-0.8515546917915344	-0.01067661214619875
-0.8512858748435974	-0.009743992239236832
-0.8510833382606506	-0.008841447532176971
-0.8507370948791504	-0.008128026500344276
-0.8505250215530396	-0.007161641493439674
-0.8503453731536865	-0.0064136129803955555
-0.8498866558074951	-0.005602134391665459
-0.8496344089508057	-0.004686701577156782
-0.849543571472168	-0.003800425212830305
-0.8491135239601135	-0.002893238328397274
-0.8488659858703613	-0.0021721001248806715
-0.8486227989196777	-0.0010988491121679544
-0.8482588529586792	-0.0003047295322176069
-0.8479722142219543	0.0003246376581955701
-0.8476821780204773	0.001476010773330927
-0.8473864793777466	0.002099591540172696
-0.8470761179924011	0.0031216279603540897
-0.8468296527862549	0.0038930056616663933
-0.8464905023574829	0.00476793572306633
-0.8460441827774048	0.00561936991289258
-0.8459611535072327	0.006527486722916365
-0.8454445600509644	0.0074641527608036995
-0.8451544046401978	0.00827369187027216
-0.8449925780296326	0.009136409498751163
-0.8446110486984253	0.010150521993637085
-0.8442654013633728	0.010822320356965065
-0.8439814448356628	0.011750520206987858
-0.8436034321784973	0.01271025650203228
-0.8433405756950378	0.013523279689252377
-0.843181848526001	0.014330473728477955
-0.8428386449813843	0.015243830159306526
-0.8422108888626099	0.016197074204683304
-0.8420881032943726	0.017017818987369537
-0.8415803909301758	0.017952753230929375
-0.8413487076759338	0.018795769661664963
-0.8410012125968933	0.019642457365989685
-0.8407464027404785	0.02061993069946766
-0.8402931094169617	0.02133721113204956
-0.8400355577468872	0.022291872650384903
-0.8396723866462708	0.02328537404537201
-0.8393397927284241	0.024135516956448555
-0.8389543890953064	0.024952417239546776
-0.8387978076934814	0.02594122290611267
-0.838153600692749	0.026854731142520905
-0.8379769325256348	0.027724387124180794
-0.8375290632247925	0.028688112273812294
-0.8371985554695129	0.029520798474550247
-0.8368884325027466	0.03036843053996563
-0.8365305066108704	0.03135750815272331
-0.8361477255821228	0.03222247213125229
-0.8358439207077026	0.033150285482406616
-0.8354940414428711	0.03400108590722084
-0.8349871635437012	0.034996915608644485
-0.8346051573753357	0.03579186648130417
-0.8342731595039368	0.03692827746272087
-0.8339186906814575	0.03786032646894455
-0.8334634900093079	0.038641370832920074
-0.8332871198654175	0.03958869352936745
-0.8327093720436096	0.04064083844423294
-0.8323594927787781	0.041306883096694946
-0.8320655822753906	0.042209431529045105
-0.831566333770752	0.04329170659184456
-0.8311235308647156	0.04406149685382843
-0.8307920098304749	0.045046791434288025
-0.8304654359817505	0.04604710265994072
-0.8300257325172424	0.04688698425889015
-0.8296284675598145	0.047739505767822266
-0.8293850421905518	0.04878085106611252
-0.8288228511810303	0.04968580603599548
-0.8284928202629089	0.0507083423435688
-0.8279857635498047	0.05160577967762947
-0.8275700211524963	0.05249043554067612
-0.8271445035934448	0.05345332249999046
-0.8268336653709412	0.054454125463962555
-0.826295793056488	0.055299967527389526
-0.8258894085884094	0.05626903101801872
-0.8256048560142517	0.05724087730050087
-0.8250952363014221	0.05820019915699959
-0.8245516419410706	0.059044599533081055
-0.8242815732955933	0.060119882225990295
-0.8237398266792297	0.0611320398747921
-0.8232747316360474	0.061937086284160614
-0.8228685855865479	0.06284347176551819
-0.8224048614501953	0.06385837495326996
-0.8219683170318604	0.06482193619012833
-0.8216957449913025	0.0656769797205925
-0.8210183382034302	0.0667463168501854
-0.8206437826156616	0.06758343428373337
-0.8202865123748779	0.0686362013220787
-0.8198183178901672	0.06965386867523193
-0.8192794322967529	0.07063759118318558
-0.8189898133277893	0.07161146402359009
-0.8184918761253357	0.07242107391357422
-0.8180457353591919	0.07340577244758606
-0.8175035715103149	0.07431455701589584
-0.8170052766799927	0.07539793848991394
-0.8164775371551514	0.07628712058067322
-0.8160451054573059	0.07738246768712997
-0.8156040906906128	0.07831757515668869
-0.8151142597198486	0.07922297716140747
-0.8145673274993896	0.08017639815807343
-0.8142451047897339	0.0812460407614708
-0.8136188983917236	0.08208005130290985
-0.8132413029670715	0.08305618166923523
-0.8127573728561401	0.08413899689912796
-0.8121238946914673	0.08499114215373993
-0.8117091655731201	0.08610643446445465
-0.811309814453125	0.08724576979875565
-0.8106727004051208	0.08804117143154144
-0.810283899307251	0.08893940597772598
-0.809767484664917	0.09002179652452469
-0.8090811967849731	0.09100595861673355
-0.8085422515869141	0.09194556623697281
-0.8082002997398376	0.09300602972507477
-0.8075536489486694	0.09399360418319702
-0.8071611523628235	0.09489187598228455
-0.8067224025726318	0.0959281474351883
-0.8059079051017761	0.09694868326187134
-0.8054690361022949	0.09784046560525894
-0.8051003217697144	0.09880225360393524
-0.8043385744094849	0.0999554768204689
-0.8039182424545288	0.10078345239162445
-0.8034454584121704	0.10187928378582001
-0.8028050065040588	0.10286149382591248
-0.8023794293403625	0.10385994613170624
-0.8018280863761902	0.10483232885599136
-0.8011528849601746	0.1059655249118805
-0.8006674647331238	0.10693030059337616
-0.8002325892448425	0.10798873007297516
-0.7994977235794067	0.10886827856302261
-0.7988845705986023	0.1099139079451561
-0.7983087301254272	0.11086156219244003
-0.797828197479248	0.11198369413614273
-0.797181248664856	0.11291208118200302
-0.7967392802238464	0.11384855955839157
-0.7961677312850952	0.11499110609292984
-0.795568585395813	0.11582396179437637
-0.795006275177002	0.11696682870388031
-0.794374942779541	0.11811033636331558
-0.7936608791351318	0.11890993267297745
-0.7931345105171204	0.11999577283859253
-0.792644739151001	0.12116691470146179
-0.7919708490371704	0.1220824345946312
-0.7914113998413086	0.12304218858480453
-0.7908411622047424	0.12413600832223892
-0.7900818586349487	0.12504173815250397
-0.7896348237991333	0.1261705458164215
-0.7889556884765625	0.12723807990550995
-0.7881475687026978	0.128176748752594
-0.7875609993934631	0.1292848140001297
-0.7870279550552368	0.13037888705730438
-0.786317765712738	0.13145723938941956
-0.7857485413551331	0.13230866193771362
-0.7852486371994019	0.1333620399236679
-0.7844802141189575	0.13448815047740936
-0.7838846445083618	0.1352793574333191
-0.783302903175354	0.13648179173469543
-0.782554030418396	0.137503981590271
-0.7818247675895691	0.13844291865825653
-0.7812340259552002	0.13958817720413208
-0.780626118183136	0.1407170295715332
-0.7798749208450317	0.1416725367307663
-0.779388427734375	0.1428440660238266
-0.7785957455635071	0.14366430044174194
-0.7778470516204834	0.1448986828327179
-0.7772374749183655	0.14593078196048737
-0.7765869498252869	0.14688625931739807
-0.7757960557937622	0.14794421195983887
-0.7752810120582581	0.14899902045726776
-0.7745281457901001	0.1499854028224945
-0.7737646102905273	0.1511276811361313
-0.7731300592422485	0.15221147239208221
-0.7724788784980774	0.15330956876277924
-0.7716818451881409	0.15418590605258942
-0.771039605140686	0.15540800988674164
-0.7702759504318237	0.1564682424068451
-0.7697345614433289	0.15738748013973236
-0.7687771916389465	0.15845631062984467
-0.7682667970657349	0.15963655710220337
-0.7673517465591431	0.1605565994977951
-0.7668055295944214	0.16166351735591888
-0.7660041451454163	0.1627878099679947
-0.7652066946029663	0.16368742287158966
-0.7644857168197632	0.1648092269897461
-0.763900876045227	0.16591009497642517
-0.7630455493927002	0.16687332093715668
-0.7623190879821777	0.16806498169898987
-0.7615814805030823	0.16911283135414124
-0.7607231140136719	0.17008158564567566
-0.7600048780441284	0.1711442768573761
-0.7594138979911804	0.172196626663208
-0.7584499716758728	0.17338384687900543
-0.7576883435249329	0.1742933690547943
-0.7569313049316406	0.17555415630340576
-0.7561554312705994	0.17655904591083527
-0.7554546594619751	0.1774568259716034
-0.7546809315681458	0.17868851125240326
-0.7537260055541992	0.17977629601955414
-0.7530295252799988	0.18081063032150269
-0.7522849440574646	0.18192356824874878
-0.7514301538467407	0.1830240935087204
-0.7506370544433594	0.1839485466480255
-0.7498900890350342	0.1850505769252777
-0.7489407658576965	0.18634934723377228
-0.7481874227523804	0.18714438378810883
-0.7473198771476746	0.18836070597171783
-0.746577799320221	0.1895432323217392
-0.7456044554710388	0.19044464826583862
-0.7449312210083008	0.1916087120771408
-0.7440863847732544	0.19285598397254944
-0.7431380152702332	0.1936693638563156
-0.7423949241638184	0.19488760828971863
-0.7416465878486633	0.19600719213485718
-0.7406159043312073	0.19691500067710876
-0.7398327589035034	0.1980580985546112
-0.7390372157096863	0.1992749273777008
-0.7380617260932922	0.20020686089992523
-0.737140417098999	0.20128415524959564
-0.736360490322113	0.20239461958408356
-0.7354656457901001	0.2034500390291214
-0.734627366065979	0.2046266496181488
-0.7337585091590881	0.2057495415210724
-0.7326878905296326	0.20674046874046326
-0.7318762540817261	0.2076834738254547
-0.7310038208961487	0.20904402434825897
-0.729966938495636	0.21003955602645874
-0.7292578816413879	0.21097932755947113
-0.7282979488372803	0.21225665509700775
-0.7273231148719788	0.21325814723968506
-0.7264766693115234	0.21432512998580933
-0.7256240248680115	0.21557505428791046
-0.7246372103691101	0.21659207344055176
-0.7237015962600708	0.21750013530254364
-0.7227857112884521	0.21882078051567078
-0.7217831611633301	0.21984271705150604
-0.720826268196106	0.22088950872421265
-0.719933271408081	0.2221618890762329
-0.7189717888832092	0.22333002090454102
-0.717995822429657	0.22410225868225098
-0.7170981168746948	0.2252802848815918
-0.7160390019416809	0.2264133095741272
-0.7149878144264221	0.22743189334869385
-0.7141874432563782	0.2286071479320526
-0.7130910754203796	0.22976458072662354
-0.7121293544769287	0.23082880675792694
-0.7111892700195312	0.23195502161979675
-0.7102149724960327	0.2329755574464798
-0.70916748046875	0.23401977121829987
-0.708196222782135	0.23532702028751373
-0.7072741389274597	0.2363932579755783
-0.7062162160873413	0.2373371124267578
-0.7052049040794373	0.23838511109352112
-0.7040997743606567	0.23967169225215912
-0.7030014395713806	0.24059097468852997
-0.7019878625869751	0.24176545441150665
-0.7011322975158691	0.24296140670776367
-0.7000007033348083	0.2438337504863739
-0.6988145709037781	0.24499168992042542
-0.6978927850723267	0.2461083084344864
-0.6967313289642334	0.2471572607755661
-0.6958057880401611	0.24829459190368652
-0.694909930229187	0.24940428137779236
-0.6935205459594727	0.25052934885025024
-0.6926482319831848	0.251388281583786
-0.6915939450263977	0.25267094373703003
-0.6903166770935059	0.253797322511673
-0.6892969608306885	0.254705548286438
-0.688345730304718	0.25599679350852966
-0.6869913935661316	0.2572025954723358
-0.6860838532447815	0.258005827665329
-0.68500816822052	0.2593288719654083
-0.6837077736854553	0.2604101896286011
-0.6826438903808594	0.2613047957420349
-0.6816087365150452	0.2627112865447998
-0.6803008913993835	0.26366907358169556
-0.6792874932289124	0.2646530866622925
-0.6781980395317078	0.2658754587173462
-0.6770334839820862	0.266880601644516
-0.6759228706359863	0.2678457796573639
-0.6747723817825317	0.26915693283081055
-0.6734423041343689	0.2701699435710907
-0.6723882555961609	0.271183580160141
-0.6713241338729858	0.2724251449108124
-0.6699008941650391	0.2734786570072174
-0.6689016819000244	0.2744429409503937
-0.6676909327507019	0.2756311893463135
-0.6665768623352051	0.2767148017883301
-0.6651569604873657	0.27769941091537476
-0.6640885472297668	0.2789270281791687
-0.6630447506904602	0.2800196707248688
-0.661640465259552	0.2808695435523987
-0.6606094241142273	0.2820766866207123
-0.6593495011329651	0.28323736786842346
-0.6578044891357422	0.28439459204673767
-0.6568390130996704	0.2853326201438904
-0.6554957628250122	0.2865549325942993
-0.654256284236908	0.2874767482280731
-0.6531826853752136	0.2886107563972473
-0.6518236994743347	0.28972482681274414
-0.6504167914390564	0.2907392084598541
-0.6493760347366333	0.2917811870574951
-0.647982656955719	0.2930260896682739
-0.6467536091804504	0.2939492464065552
-0.64549320936203	0.29505687952041626
-0.6442040205001831	0.2963593304157257
-0.6428207159042358	0.29720133543014526
-0.6416696906089783	0.29830402135849
-0.6403531432151794	0.29949432611465454
-0.6390084028244019	0.30034139752388
-0.6377812027931213	0.3014020621776581
-0.6364433169364929	0.3027300536632538
-0.6349760890007019	0.30370551347732544
-0.6338863372802734	0.3047198951244354
-0.6323659420013428	0.3059200644493103
-0.631105363368988	0.30683115124702454
-0.6296426057815552	0.30776482820510864
-0.6284552812576294	0.3090161085128784
-0.6270440816879272	0.3100011646747589
-0.6256299018859863	0.3110620975494385
-0.6242839694023132	0.31216442584991455
-0.6228342056274414	0.3132517635822296
-0.6215410232543945	0.3141348361968994
-0.6202512383460999	0.31544408202171326
-0.6187474131584167	0.3163510262966156
-0.6173778772354126	0.3172936737537384
-0.6160139441490173	0.31844815611839294
-0.6146331429481506	0.3195533752441406
-0.6131725311279297	0.32045432925224304
-0.611899197101593	0.3216574192047119
-0.6103098392486572	0.32269060611724854
-0.6088237166404724	0.3235641121864319
-0.6076332330703735	0.32467779517173767
-0.6060742139816284	0.32590028643608093
-0.604466438293457	0.3267056345939636
-0.6032019257545471	0.327811598777771
-0.6016618013381958	0.32886040210723877
-0.6002394556999207	0.32984909415245056
-0.5987618565559387	0.331069678068161
-0.5971311330795288	0.33199343085289
-0.5958033800125122	0.3329058289527893
-0.59425950050354	0.334014356136322
-0.5928069949150085	0.3351183235645294
-0.5912042856216431	0.3360218405723572
-0.5898377895355225	0.33705252408981323
-0.5882306694984436	0.3381445109844208
-0.5868411064147949	0.3390110433101654
-0.58524489402771	0.3401753306388855
-0.5836225748062134	0.3411926031112671
-0.5821357369422913	0.34202614426612854
-0.5807163119316101	0.3430946171283722
-0.5791837573051453	0.34427309036254883
-0.5774108171463013	0.34498244524002075
-0.5759718418121338	0.34611400961875916
-0.5744670033454895	0.34718888998031616
-0.5727309584617615	0.34811899065971375
-0.5713098645210266	0.3488965630531311
-0.5697252750396729	0.3501008450984955
-0.5680457353591919	0.3510373830795288
-0.5665355920791626	0.3519018590450287
-0.5651251077651978	0.35313326120376587
-0.5632128119468689	0.35412055253982544
-0.5616213083267212	0.3549073338508606
-0.560177743434906	0.3560173809528351
-0.5583895444869995	0.35695508122444153
-0.5568442344665527	0.35785359144210815
-0.5551918148994446	0.35884004831314087
-0.5535784959793091	0.35995033383369446
-0.5520710945129395	0.3606299161911011
-0.5502668619155884	0.361839234828949
-0.5485429763793945	0.36268991231918335
-0.5470015406608582	0.36350542306900024
-0.5453134179115295	0.36458149552345276
-0.5436697602272034	0.36558666825294495
-0.5417481660842896	0.3664186894893646
-0.5401884317398071	0.36743614077568054
-0.5384767055511475	0.3684358298778534
-0.5369642972946167	0.36920517683029175
-0.5352003574371338	0.3702258765697479
-0.5333608388900757	0.37134069204330444
-0.5317137241363525	0.37197306752204895
-0.5300281643867493	0.3730258345603943
-0.5280781984329224	0.37399807572364807
-0.5261980295181274	0.37485450506210327
-0.5247077941894531	0.3757530450820923
-0.5227958559989929	0.37676915526390076
-0.5209746956825256	0.3775542080402374
-0.5193345546722412	0.3785915970802307
-0.5176262855529785	0.37942105531692505
-0.5158461928367615	0.38024312257766724
-0.5141799449920654	0.3811265826225281
-0.5123782753944397	0.3820952773094177
-0.5103941559791565	0.3828697204589844
-0.5087133049964905	0.38371360301971436
-0.5068324208259583	0.38480663299560547
-0.504963755607605	0.38558971881866455
-0.5033861398696899	0.38638240098953247
-0.5015296936035156	0.38737910985946655
-0.4994705319404602	0.3881346881389618
-0.49777841567993164	0.38900622725486755
-0.4960826635360718	0.3899492621421814
-0.4940521717071533	0.39081719517707825
-0.49215948581695557	0.3915366530418396
-0.4904688000679016	0.39258402585983276
-0.4884169101715088	0.3933025598526001
-0.48660001158714294	0.3940310478210449
-0.48487117886543274	0.39489126205444336
-0.4828266501426697	0.39571571350097656
-0.48092782497406006	0.3964974880218506
-0.47902828454971313	0.3974868059158325
-0.4769420921802521	0.3982759118080139
-0.47522905468940735	0.39885446429252625
-0.47340938448905945	0.3998563289642334
-0.47137272357940674	0.40069347620010376
-0.4693591594696045	0.4012438952922821
-0.4675953686237335	0.40224969387054443
-0.46559104323387146	0.40304136276245117
-0.46358805894851685	0.4036168158054352
-0.4616362452507019	0.40470433235168457
-0.459669828414917	0.4055040180683136
-0.4576917588710785	0.4059036374092102
-0.45590701699256897	0.40680086612701416
-0.45391276478767395	0.4077891707420349
-0.4517439305782318	0.408266544342041
-0.4498661160469055	0.40910202264785767
-0.4477790892124176	0.4100479185581207
-0.4457071125507355	0.41045403480529785
-0.4436917304992676	0.41136038303375244
-0.4418092966079712	0.4122471213340759
-0.4395904839038849	0.4127759337425232
-0.4377499222755432	0.41342756152153015
-0.4356289505958557	0.41433238983154297
-0.4336310625076294	0.41476404666900635
-0.43158143758773804	0.41562432050704956
-0.4294174015522003	0.4164738059043884
-0.42735356092453003	0.4169970154762268
-0.425485759973526	0.417587012052536
-0.42326438426971436	0.4185419976711273
-0.4209512174129486	0.4190738797187805
-0.41906288266181946	0.41954368352890015
-0.41709065437316895	0.4205360412597656
-0.4148811399936676	0.42090076208114624
-0.41307249665260315	0.4214826822280884
-0.4107116162776947	0.42245540022850037
-0.4084683060646057	0.42296379804611206
-0.4065295457839966	0.42341139912605286
-0.40438276529312134	0.42426759004592896
-0.40215209126472473	0.42491427063941956
-0.40009966492652893	0.42534875869750977
-0.39802366495132446	0.4261568784713745
-0.39576953649520874	0.42671215534210205
-0.39359694719314575	0.42716214060783386
-0.39164984226226807	0.4279869496822357
-0.3893194794654846	0.4284341335296631
-0.38707736134529114	0.42894747853279114
-0.3851453363895416	0.42965802550315857
-0.38261085748672485	0.43027347326278687
-0.3805505335330963	0.43071097135543823
-0.3784278631210327	0.4313127100467682
-0.3760911226272583	0.4318712651729584
-0.3739575445652008	0.4322592616081238
-0.37183958292007446	0.4329182803630829
-0.36955738067626953	0.43360641598701477
-0.36729368567466736	0.43384960293769836
-0.3651447892189026	0.43452540040016174
-0.3626570701599121	0.4351012110710144
-0.36079394817352295	0.43525752425193787
-0.35845473408699036	0.436031311750412
-0.3560757040977478	0.4365643858909607
-0.3538402020931244	0.43684130907058716
-0.3516847491264343	0.4374726414680481
-0.3492618203163147	0.43805304169654846
-0.3470492660999298	0.4381943941116333
-0.3449300527572632	0.4387778639793396
-0.34239885210990906	0.4393274784088135
-0.3400443196296692	0.43961694836616516
-0.337869256734848	0.4400986433029175
-0.3355361223220825	0.4406205117702484
-0.33324122428894043	0.4408792555332184
-0.33117783069610596	0.4413895010948181
-0.32859963178634644	0.44190898537635803
-0.3263111412525177	0.4420856833457947
-0.3241906762123108	0.44244349002838135
-0.32159096002578735	0.44314074516296387
-0.31936100125312805	0.44328927993774414
-0.31693965196609497	0.443577378988266
-0.31478703022003174	0.44411730766296387
-0.3122771382331848	0.4442622661590576
-0.310006707906723	0.4445916712284088
-0.30762672424316406	0.44515207409858704
-0.3050762414932251	0.445326566696167
-0.30309703946113586	0.4455256760120392
-0.30064094066619873	0.4461815059185028
-0.2980808913707733	0.44619134068489075
-0.2957000434398651	0.4464203715324402
-0.2933124601840973	0.4469069242477417
-0.2908347249031067	0.44718509912490845
-0.2885103225708008	0.4473140239715576
-0.2859930992126465	0.4477652311325073
-0.28367486596107483	0.4479031264781952
-0.2814154326915741	0.4480956196784973
-0.2788233757019043	0.44846871495246887
-0.2763150930404663	0.44862741231918335
-0.2740100026130676	0.4487157464027405
-0.27167370915412903	0.4491255283355713
-0.2691555321216583	0.44918519258499146
-0.26661622524261475	0.4492778480052948
-0.26436159014701843	0.4496857523918152
-0.2616735100746155	0.44982436299324036
-0.25921401381492615	0.4497636556625366
-0.2568373382091522	0.4499482810497284
-0.25435689091682434	0.4501841962337494
-0.2519295811653137	0.4502262771129608
-0.2495674341917038	0.4505385458469391
-0.2468748241662979	0.45074522495269775
-0.2444848269224167	0.4506080150604248
-0.24198484420776367	0.4508446753025055
-0.23938016593456268	0.4509859085083008
-0.23711955547332764	0.4507904052734375
-0.23458440601825714	0.45107558369636536
-0.23181366920471191	0.451246440410614
-0.22936606407165527	0.4510349929332733
-0.22699697315692902	0.4512633681297302
-0.22433367371559143	0.4514211118221283
-0.22190150618553162	0.4511782228946686
-0.21937459707260132	0.4513379633426666
-0.21687139570713043	0.45139163732528687
-0.21447107195854187	0.451229065656662
-0.21198607981204987	0.4513714909553528
-0.20925956964492798	0.4513234496116638
-0.2068273425102234	0.4511897563934326
-0.2044002115726471	0.45109114050865173
-0.2016986906528473	0.4511820673942566
-0.19923487305641174	0.4510650634765625
-0.1966753900051117	0.4511358439922333
-0.19383172690868378	0.45100635290145874
-0.19147387146949768	0.4508066177368164
-0.18908512592315674	0.4507002532482147
-0.18639589846134186	0.4507177472114563
-0.1837640255689621	0.4505842626094818
-0.18127024173736572	0.450359970331192
-0.17871534824371338	0.4503040909767151
-0.17610827088356018	0.450104683637619
-0.17374548316001892	0.44993388652801514
-0.17101119458675385	0.4497409760951996
-0.1684470772743225	0.44952160120010376
-0.16584895551204681	0.44919946789741516
-0.16324837505817413	0.44927477836608887
-0.16057100892066956	0.44909846782684326
-0.15800920128822327	0.44874611496925354
-0.15539665520191193	0.44869017601013184
-0.15280304849147797	0.44824445247650146
-0.15031856298446655	0.44790107011795044
-0.14758886396884918	0.44784432649612427
-0.1449001580476761	0.4475390315055847
-0.14245310425758362	0.4473256766796112
-0.13980981707572937	0.4470209777355194
-0.13705039024353027	0.44663554430007935
-0.13460732996463776	0.4461953639984131
-0.1319793164730072	0.44598907232284546
-0.1292206346988678	0.4457727074623108
-0.1268707811832428	0.44521743059158325
-0.12407870590686798	0.4449532926082611
-0.12147822976112366	0.44476911425590515
-0.11894413828849792	0.4441247284412384
-0.11618369817733765	0.4438387453556061
-0.11349350214004517	0.4434552490711212
-0.11094386875629425	0.44288328289985657
-0.1084941178560257	0.4426901340484619
-0.10556146502494812	0.4422905445098877
-0.10294514894485474	0.4415856599807739
-0.10040321946144104	0.44125789403915405
-0.09782987833023071	0.4408606290817261
-0.0952252671122551	0.4403398036956787
-0.092690609395504	0.4397820234298706
-0.08992399275302887	0.43937745690345764
-0.08742313086986542	0.43877705931663513
-0.08463594317436218	0.4381974935531616
-0.08206170797348022	0.43780940771102905
-0.07939156889915466	0.4371430277824402
-0.07668103277683258	0.43658125400543213
-0.0742318257689476	0.4360790252685547
-0.07125899195671082	0.4353892505168915
-0.06874603778123856	0.43490684032440186
-0.06622505187988281	0.4344330132007599
-0.06337317079305649	0.4336842894554138
-0.060936685651540756	0.43282198905944824
-0.058352768421173096	0.43245381116867065
-0.055659595876932144	0.4318457245826721
-0.05311531946063042	0.43101274967193604
-0.050451021641492844	0.4304933249950409
-0.04779563099145889	0.42979180812835693
-0.04515895992517471	0.4289969205856323
-0.04243122786283493	0.4283103346824646
-0.03972781449556351	0.4277344346046448
-0.037221409380435944	0.42696747183799744
-0.0343315415084362	0.4261051416397095
-0.031880877912044525	0.42554378509521484
-0.029246672987937927	0.42455458641052246
-0.026632405817508698	0.4238279461860657
-0.02399235963821411	0.4231656491756439
-0.02138664573431015	0.4223754405975342
-0.018753234297037125	0.4215807616710663
-0.01585877127945423	0.42071324586868286
-0.013557950034737587	0.4198552370071411
-0.010770972818136215	0.41893133521080017
-0.008245456963777542	0.4182727336883545
-0.005469670053571463	0.4173450469970703
-0.002948066685348749	0.416429340839386
-0.00030890796915628016	0.4156651794910431
0.002314675599336624	0.41461125016212463
0.005018895957618952	0.4137052595615387
0.007504313252866268	0.4129383862018585
0.010259376838803291	0.41174596548080444
0.012816045433282852	0.4109620749950409
0.015474649146199226	0.4101254940032959
0.018063606694340706	0.4090215861797333
0.020574623718857765	0.40801674127578735
0.023214096203446388	0.40718764066696167
0.02587110921740532	0.40598928928375244
0.028432458639144897	0.40498974919319153
0.03111054003238678	0.40401995182037354
0.03369126096367836	0.40294259786605835
0.03630029782652855	0.40182825922966003
0.03882848471403122	0.40086641907691956
0.04146481677889824	0.39981332421302795
0.04398122429847717	0.3985995352268219
0.04658378288149834	0.3976002633571625
0.049025002866983414	0.3964984714984894
0.05169357359409332	0.39533889293670654
0.05434919893741608	0.39431115984916687
0.05680520832538605	0.39308714866638184
0.059504441916942596	0.391873300075531
0.062143050134181976	0.39085280895233154
0.06460627913475037	0.3895304501056671
0.06693846732378006	0.3883950412273407
0.06980301439762115	0.387207955121994
0.07223151624202728	0.3859838843345642
0.07468584924936295	0.3845789134502411
0.07738100737333298	0.38355135917663574
0.07989112287759781	0.38233786821365356
0.08237530291080475	0.38087698817253113
0.0847739428281784	0.3799585700035095
0.08738470822572708	0.37854212522506714
0.08990714699029922	0.3772313594818115
0.09239573031663895	0.37593722343444824
0.09507159888744354	0.37464267015457153
0.09730347245931625	0.3730529248714447
0.09989621490240097	0.3719770610332489
0.10264383256435394	0.37060222029685974
0.10483301430940628	0.36921271681785583
0.10752353817224503	0.36785608530044556
0.11006555706262589	0.36645904183387756
0.11226312071084976	0.36485961079597473
0.11487255990505219	0.3637183904647827
0.117394357919693	0.3621985912322998
0.11963877826929092	0.36079132556915283
0.12235970050096512	0.3592931032180786
0.12485739588737488	0.3579667806625366
0.12716099619865417	0.3564221262931824
0.1296776980161667	0.3550248146057129
0.1322297602891922	0.35346025228500366
0.13450390100479126	0.3519185781478882
0.13691136240959167	0.35059550404548645
0.13941457867622375	0.34899771213531494
0.1416817009449005	0.3474965989589691
0.14410735666751862	0.34587395191192627
0.14663231372833252	0.34439027309417725
0.148894801735878	0.34281641244888306
0.15149061381816864	0.3411433696746826
0.15391966700553894	0.3396455943584442
0.15621840953826904	0.33809706568717957
0.1584196239709854	0.33650195598602295
0.1609218418598175	0.33492931723594666
0.1632828265428543	0.3332470655441284
0.16559065878391266	0.3316200077533722
0.16805115342140198	0.3301374912261963
0.17039616405963898	0.32827475666999817
0.17255592346191406	0.32672643661499023
0.1750047504901886	0.3251279592514038
0.17736463248729706	0.3232904076576233
0.17952820658683777	0.3216034770011902
0.1820235401391983	0.3199332058429718
0.1843246966600418	0.31816625595092773
0.18645167350769043	0.3163767158985138
0.18882237374782562	0.3148016929626465
0.1909935027360916	0.31295156478881836
0.1932547241449356	0.3112979233264923
0.19556424021720886	0.3095598518848419
0.19779160618782043	0.30785924196243286
0.1998438537120819	0.30593225359916687
0.20222142338752747	0.3041767179965973
0.20450779795646667	0.3024081885814667
0.2066119909286499	0.30048519372940063
0.20877306163311005	0.29881757497787476
0.2110554724931717	0.296871542930603
0.21327856183052063	0.29493480920791626
0.21552439033985138	0.2932513654232025
0.2177433967590332	0.29130756855010986
0.219736248254776	0.28950709104537964
0.2220916897058487	0.287674218416214
0.22429612278938293	0.28572434186935425
0.22637973725795746	0.2837110459804535
0.22840698063373566	0.28208115696907043
0.23072728514671326	0.2800661027431488
0.23275138437747955	0.2781851589679718
0.2348465919494629	0.27619022130966187
0.23701274394989014	0.27408674359321594
0.23903387784957886	0.2722015082836151
0.2412177324295044	0.2702983021736145
0.24333444237709045	0.26842790842056274
0.24527302384376526	0.266388475894928
0.2476171851158142	0.2642393708229065
0.24948419630527496	0.26244890689849854
0.2516489326953888	0.2603156268596649
0.2535723149776459	0.25834688544273376
0.25572046637535095	0.2563595175743103
0.2576354146003723	0.2543892562389374
0.25970008969306946	0.25218334794044495
0.2617722153663635	0.2503192722797394
0.2637383043766022	0.2481747269630432
0.2657720148563385	0.2460029423236847
0.26785555481910706	0.2439327985048294
0.26975688338279724	0.2419077306985855
0.27165281772613525	0.2397400438785553
0.27370139956474304	0.23789076507091522
0.2755517363548279	0.235657200217247
0.2773700952529907	0.23348194360733032
0.27929291129112244	0.2314821034669876
0.2813490927219391	0.2293415069580078
0.28317907452583313	0.2271248996257782
0.2853253483772278	0.22519643604755402
0.28703057765960693	0.22290721535682678
0.2887793183326721	0.22073253989219666
0.29080846905708313	0.2186429500579834
0.2925899028778076	0.21647655963897705
0.2943820655345917	0.21416451036930084
0.2963629961013794	0.211983785033226
0.29818686842918396	0.2098548412322998
0.2998039722442627	0.20778635144233704
0.3016817569732666	0.20546770095825195
0.3034581243991852	0.2033374309539795
0.3052103519439697	0.2010655701160431
0.3069881498813629	0.19886857271194458
0.30897367000579834	0.19653202593326569
0.3105013966560364	0.1943223476409912
0.312255322933197	0.1922767162322998
0.31403475999832153	0.18998093903064728
0.31572845578193665	0.18756917119026184
0.31754863262176514	0.18530115485191345
0.31926485896110535	0.18305276334285736
0.32093846797943115	0.18079832196235657
0.3226076662540436	0.17858585715293884
0.3242209851741791	0.17622533440589905
0.3259050250053406	0.1738746464252472
0.3275931179523468	0.17163988947868347
0.3291991353034973	0.16941329836845398
0.33082810044288635	0.1669609695672989
0.33256208896636963	0.16463953256607056
0.33410465717315674	0.16238194704055786
0.3355030119419098	0.16003207862377167
0.33719679713249207	0.15780185163021088
0.3387715816497803	0.15544213354587555
0.34043535590171814	0.15318048000335693
0.34193456172943115	0.15075257420539856
0.343515545129776	0.1483791321516037
0.3449551463127136	0.14605079591274261
0.34645992517471313	0.1437521129846573
0.34806302189826965	0.1413717269897461
0.3493945300579071	0.1390068531036377
0.35101646184921265	0.1364300698041916
0.35254764556884766	0.1341535598039627
0.3539719581604004	0.13173247873783112
0.3553348183631897	0.12944957613945007
0.3568938374519348	0.12689293920993805
0.358304888010025	0.12463313341140747
0.3597782552242279	0.12204378843307495
0.3612414598464966	0.11967197805643082
0.362689733505249	0.11732882261276245
0.364078164100647	0.11480428278446198
0.3654084801673889	0.1124243214726448
0.36677297949790955	0.11001849919557571
0.36809271574020386	0.10762599855661392
0.3696056604385376	0.10507892817258835
0.3708512783050537	0.1024991050362587
0.3722296953201294	0.10007067024707794
0.37351909279823303	0.09780005365610123
0.3747287690639496	0.09530545771121979
0.37611696124076843	0.09288284182548523
0.37739503383636475	0.09038367867469788
0.37853845953941345	0.08793733268976212
0.37991321086883545	0.08547016978263855
0.38127946853637695	0.08291862159967422
0.3822919726371765	0.08056287467479706
0.38358405232429504	0.07805056869983673
0.38490158319473267	0.07547779381275177
0.3859636187553406	0.07323414832353592
0.38724613189697266	0.0706680417060852
0.38833773136138916	0.06800075620412827
0.38949382305145264	0.06569546461105347
0.39061474800109863	0.06315227597951889
0.39195743203163147	0.060663603246212006
0.3930089771747589	0.058207157999277115
0.39404189586639404	0.05578342080116272
0.3953561782836914	0.05309504270553589
0.3963789641857147	0.05060963332653046
0.3974685072898865	0.04814477264881134
0.39840376377105713	0.045662835240364075
0.3995347023010254	0.0432431697845459
0.4006258547306061	0.04070363566279411
0.4017048180103302	0.038099877536296844
0.4026462137699127	0.03569777309894562
0.4036554992198944	0.033157218247652054
0.4047524034976959	0.030504517257213593
0.40570348501205444	0.028106126934289932
0.4066837430000305	0.02555599994957447
0.4076794385910034	0.022964293137192726
0.4085923433303833	0.020427633076906204
0.4095695912837982	0.01799306832253933
0.4105258584022522	0.015416746027767658
0.4113517701625824	0.01294032484292984
0.4124254584312439	0.010519333183765411
0.41327351331710815	0.007882433943450451
0.4141470193862915	0.005323710385710001
0.4151182770729065	0.0028631342574954033
0.4159786105155945	0.00018482000450603664
0.41672706604003906	-0.0022621648386120796
0.41760650277137756	-0.004776602610945702
0.41850894689559937	-0.00723080150783062
0.4192688763141632	-0.00999497901648283
0.42014697194099426	-0.012589427642524242
0.4209322929382324	-0.014795957133173943
0.4216901957988739	-0.017543328925967216
0.4225645661354065	-0.020051537081599236
0.4233856201171875	-0.022572709247469902
0.42399919033050537	-0.025015030056238174
0.4247899651527405	-0.027541248127818108
0.4256521761417389	-0.030177906155586243
0.42633676528930664	-0.03274247422814369
0.4271075129508972	-0.03514658659696579
0.42778533697128296	-0.03785992041230202
0.42832791805267334	-0.040052760392427444
0.42915138602256775	-0.04282722622156143
0.42986154556274414	-0.04533443599939346
0.43044018745422363	-0.04790676757693291
0.43108221888542175	-0.05041788890957832
0.4318521022796631	-0.052931737154722214
0.43237975239753723	-0.0555463545024395
0.4328928291797638	-0.05792852118611336
0.43364760279655457	-0.060546066612005234
0.43421652913093567	-0.06292237341403961
0.4347998797893524	-0.06540225446224213
0.4354868531227112	-0.06798354536294937
0.43599674105644226	-0.07071845978498459
0.4365270435810089	-0.07308142632246017
0.437082976102829	-0.07567940652370453
0.43760454654693604	-0.0779644101858139
0.43803870677948	-0.0807160809636116
0.4386317729949951	-0.08320072293281555
0.43922340869903564	-0.08566640317440033
0.43957850337028503	-0.08822832256555557
0.440152645111084	-0.0909324437379837
0.4406534433364868	-0.09323509782552719
0.4411945939064026	-0.09588463604450226
0.4415507912635803	-0.09825410693883896
0.4421183466911316	-0.10090027749538422
0.44250938296318054	-0.103461354970932
0.44276267290115356	-0.10563789308071136
0.44333332777023315	-0.10831160843372345
0.44369450211524963	-0.11092879623174667
0.44405195116996765	-0.11328832060098648
0.44449418783187866	-0.11586570739746094
0.44490543007850647	-0.11836531013250351
0.4452173113822937	-0.12076795846223831
0.44556647539138794	-0.12325094640254974
0.4459233283996582	-0.12597069144248962
0.4461991786956787	-0.1281517893075943
0.4466518461704254	-0.1306779980659485
0.44693243503570557	-0.1331917941570282
0.44716379046440125	-0.1356206238269806
0.44746115803718567	-0.13831444084644318
0.4477573037147522	-0.14060848951339722
0.44803953170776367	-0.1431492567062378
0.44840243458747864	-0.14553600549697876
0.44861841201782227	-0.14810913801193237
0.44879594445228577	-0.1504555344581604
0.44908273220062256	-0.152940571308136
0.44934409856796265	-0.15554304420948029
0.44949907064437866	-0.1579071283340454
0.4497428238391876	-0.1603642851114273
0.45002391934394836	-0.1627557873725891
0.4501378834247589	-0.1652931421995163
0.4503118693828583	-0.16768953204154968
0.4506182372570038	-0.17020484805107117
0.4506199061870575	-0.17273642122745514
0.4508758783340454	-0.17527450621128082
0.4510224163532257	-0.17745448648929596
0.4510670602321625	-0.17975951731204987
0.451291024684906	-0.18225467205047607
0.451419860124588	-0.18484845757484436
0.4514780044555664	-0.1871621161699295
0.4515722692012787	-0.18966326117515564
0.45175015926361084	-0.19203242659568787
0.451786607503891	-0.1943988800048828
0.4517473578453064	-0.19675485789775848
0.45188894867897034	-0.19922223687171936
0.45200115442276	-0.20162877440452576
0.4520071744918823	-0.20407892763614655
0.45213842391967773	-0.20634952187538147
0.4520455002784729	-0.20883801579475403
0.45208799839019775	-0.21112143993377686
0.4520413875579834	-0.2135041207075119
0.45211654901504517	-0.21595343947410583
0.4520094096660614	-0.21820621192455292
0.4520695209503174	-0.2206559181213379
0.45208871364593506	-0.22303256392478943
0.45197099447250366	-0.2252947837114334
0.4521152377128601	-0.2277146428823471
0.4520125687122345	-0.2301393300294876
0.4519973397254944	-0.2323470413684845
0.4518766701221466	-0.23469634354114532
0.4518108665943146	-0.23707565665245056
0.45175081491470337	-0.23926706612110138
0.4516366124153137	-0.24178965389728546
0.45163631439208984	-0.2442086786031723
0.45149603486061096	-0.2465495467185974
0.45127832889556885	-0.24868379533290863
0.45130595564842224	-0.2508992850780487
0.4511399269104004	-0.2533267140388489
0.450960636138916	-0.25568342208862305
0.4509182274341583	-0.25796228647232056
0.45070862770080566	-0.26036161184310913
0.4505150318145752	-0.26257961988449097
0.4504709541797638	-0.26487985253334045
0.4503292143344879	-0.2671530842781067
0.4499731957912445	-0.2693772614002228
0.44981077313423157	-0.2718069851398468
0.4497014284133911	-0.27394211292266846
0.4494101405143738	-0.276020348072052
0.44922202825546265	-0.27850306034088135
0.4491630792617798	-0.28083306550979614
0.4487820267677307	-0.2829902470111847
0.4485613703727722	-0.28530749678611755
0.4483831226825714	-0.2874721884727478
0.44816428422927856	-0.2896941304206848
0.4478631317615509	-0.29200541973114014
0.44760197401046753	-0.29424938559532166
0.44737523794174194	-0.2963728904724121
0.4470839500427246	-0.2985258996486664
0.44680237770080566	-0.30082616209983826
0.4465298354625702	-0.3030563294887543
0.4461347460746765	-0.30519899725914
0.44582661986351013	-0.3074966073036194
0.4457654058933258	-0.30961841344833374
0.4452013373374939	-0.31174466013908386
0.44491812586784363	-0.31407681107521057
0.44459977746009827	-0.31620073318481445
0.4443247616291046	-0.3184272050857544
0.44402095675468445	-0.3205243647098541
0.4437183141708374	-0.3226940929889679
0.4432956874370575	-0.32481008768081665
0.4429435133934021	-0.3270637094974518
0.44270792603492737	-0.3290468454360962
0.44227778911590576	-0.3312985599040985
0.4417990446090698	-0.3333964943885803
0.441449373960495	-0.3354753255844116
0.44117221236228943	-0.3375609517097473
0.4406692385673523	-0.3397378921508789
0.4405231475830078	-0.3417913317680359
0.4398500323295593	-0.3440021574497223
0.43937212228775024	-0.346078485250473
0.4392048418521881	-0.34794849157333374
0.43863439559936523	-0.3502265214920044
0.43811970949172974	-0.35233575105667114
0.4377625584602356	-0.3546159267425537
0.4373665153980255	-0.35659441351890564
0.4367712140083313	-0.3586391806602478
0.4365650713443756	-0.3606206774711609
0.4360061585903168	-0.36278656125068665
0.4353589117527008	-0.36468854546546936
0.43504780530929565	-0.36685776710510254
0.43454575538635254	-0.36895501613616943
0.4339749217033386	-0.37093210220336914
0.43347907066345215	-0.3730015158653259
0.43317097425460815	-0.3750690221786499
0.43251103162765503	-0.3770245611667633
0.43209078907966614	-0.37906894087791443
0.43171343207359314	-0.3811245560646057
0.4310504198074341	-0.3831084370613098
0.43048813939094543	-0.3850552439689636
0.4300895929336548	-0.38733869791030884
0.42939722537994385	-0.3891832232475281
0.4289648234844208	-0.3909672796726227
0.4284048080444336	-0.3930167257785797
0.4279423952102661	-0.39497894048690796
0.42733967304229736	-0.396944522857666
0.4268285930156708	-0.39896875619888306
0.4261588156223297	-0.40109163522720337
0.4255920648574829	-0.40271055698394775
0.42509716749191284	-0.4049237072467804
0.4244997799396515	-0.4067836403846741
0.4238628149032593	-0.4086201786994934
0.42345818877220154	-0.4107261598110199
0.422761470079422	-0.41259604692459106
0.42210185527801514	-0.4144287407398224
0.4216000437736511	-0.4165169894695282
0.4210187494754791	-0.41836434602737427
0.4202900528907776	-0.4201282560825348
0.4197695851325989	-0.4221585690975189
0.4190913438796997	-0.4239249527454376
0.4184514880180359	-0.4259442985057831
0.41796737909317017	-0.42778390645980835
0.41710302233695984	-0.4295956790447235
0.4166491627693176	-0.4315328299999237
0.4159523546695709	-0.43329334259033203
0.41530272364616394	-0.43524909019470215
0.41468513011932373	-0.43703606724739075
0.41401535272598267	-0.43890759348869324
0.4135238230228424	-0.4407897889614105
0.41269972920417786	-0.44254782795906067
0.4120560884475708	-0.44450926780700684
0.4115135371685028	-0.44627320766448975
0.410755455493927	-0.44808369874954224
0.4100463092327118	-0.44986778497695923
0.40944522619247437	-0.4517054557800293
0.4087466895580292	-0.45345771312713623
0.4079633057117462	-0.4552519917488098
0.40754449367523193	-0.4570203125476837
0.40665435791015625	-0.4588259160518646
0.405871719121933	-0.46065598726272583
0.4053204655647278	-0.462475448846817
0.40464743971824646	-0.46424680948257446
0.4037803113460541	-0.46592941880226135
0.4032299518585205	-0.46775707602500916
0.40251055359840393	-0.46950358152389526
0.4016381502151489	-0.4712579846382141
0.4009501338005066	-0.4729447662830353
0.40031516551971436	-0.47452637553215027
0.39952337741851807	-0.4763517379760742
0.3987753391265869	-0.4781525731086731
0.3980520963668823	-0.47985273599624634
0.39728349447250366	-0.4816129207611084
0.3965706527233124	-0.48335471749305725
0.39587897062301636	-0.48509132862091064
0.39501577615737915	-0.48686620593070984
0.39439862966537476	-0.4883671998977661
0.393643319606781	-0.4901263415813446
0.39276909828186035	-0.49173152446746826
0.3919583559036255	-0.49349236488342285
0.3912223279476166	-0.49522915482521057
0.3905119299888611	-0.49673599004745483
0.38967323303222656	-0.49840524792671204
0.3890834450721741	-0.49999749660491943
0.3881831467151642	-0.5018351078033447
0.38735395669937134	-0.5034430027008057
0.38669607043266296	-0.5049922466278076
0.3859750032424927	-0.5066100358963013
0.38507968187332153	-0.5081885457038879
0.3843642473220825	-0.5097928047180176
0.38352978229522705	-0.5115702748298645
0.38260480761528015	-0.5130388140678406
0.38201817870140076	-0.5146021842956543
0.38115495443344116	-0.5163979530334473
0.3802538216114044	-0.5178751349449158
0.37957847118377686	-0.5194296836853027
0.3788052201271057	-0.5210411548614502
0.37785574793815613	-0.5226709246635437
0.3771134912967682	-0.524175226688385
0.37631556391716003	-0.5258434414863586
0.3753291666507721	-0.5272603631019592
0.37464869022369385	-0.5288382172584534
0.3738652765750885	-0.530520498752594
0.3728385269641876	-0.5319338440895081
0.37215861678123474	-0.5334946513175964
0.37139779329299927	-0.5350282788276672
0.3704041838645935	-0.5366131067276001
0.3697494864463806	-0.5381230711936951
0.3689635694026947	-0.5395956635475159
0.3679042458534241	-0.5412471890449524
0.3671227693557739	-0.5425406098365784
0.36643633246421814	-0.5442264080047607
0.36564499139785767	-0.5456587672233582
0.364634245634079	-0.5472047328948975
0.3638463020324707	-0.548579752445221
0.362854540348053	-0.5501168966293335
0.3620803952217102	-0.5515074133872986
0.36135464906692505	-0.5530317425727844
0.3604363203048706	-0.5544499754905701
0.3594766855239868	-0.5558578372001648
0.358789324760437	-0.5574378967285156
0.3578234314918518	-0.5588337779045105
0.3568790555000305	-0.5602678060531616
0.35600197315216064	-0.5616849660873413
0.3552856743335724	-0.5631992220878601
0.35430917143821716	-0.5645012259483337
0.3534756302833557	-0.5660452842712402
0.3526774048805237	-0.5673733353614807
0.3515755534172058	-0.5687936544418335
0.35098159313201904	-0.5702117085456848
0.3501380681991577	-0.5716602206230164
0.3490898311138153	-0.5730705261230469
0.3481414020061493	-0.5744619965553284
0.3474109172821045	-0.5759375095367432
0.346370130777359	-0.5771783590316772
0.34566202759742737	-0.5785357356071472
0.34480616450309753	-0.579936683177948
0.34360674023628235	-0.5812985897064209
0.34289228916168213	-0.5825618505477905
0.3420312702655792	-0.5840817093849182
0.34110432863235474	-0.5853527784347534
0.3402995765209198	-0.5866686701774597
0.3394398093223572	-0.5880805253982544
0.3384474515914917	-0.589392364025116
0.33755484223365784	-0.590751588344574
0.336719274520874	-0.5921012759208679
0.33577972650527954	-0.5934357047080994
0.33484911918640137	-0.5946635007858276
0.33391788601875305	-0.5960124731063843
0.3331497013568878	-0.5972816348075867
0.3320362865924835	-0.598705530166626
0.3312857449054718	-0.6000279188156128
0.33040177822113037	-0.6012775897979736
0.32940182089805603	-0.6023995876312256
0.32842615246772766	-0.60380619764328
0.3277769386768341	-0.6050678491592407
0.3267611265182495	-0.6062968969345093
0.32568544149398804	-0.6076409220695496
0.3248780071735382	-0.6089178323745728
0.32393932342529297	-0.6101971864700317
0.3228924572467804	-0.6113032102584839
0.3221178352832794	-0.6127039790153503
0.32128483057022095	-0.6138465404510498
0.3202613294124603	-0.615065336227417
0.31940436363220215	-0.6163174510002136
0.31845635175704956	-0.6175192594528198
0.3175385892391205	-0.6187167167663574
0.3166426420211792	-0.6200658679008484
0.3158377707004547	-0.6211519241333008
0.31480276584625244	-0.6224186420440674
0.3137791156768799	-0.6235804557800293
0.3129635751247406	-0.6248655319213867
0.3120410740375519	-0.6258585453033447
0.31096991896629333	-0.6272056698799133
0.31022679805755615	-0.628369927406311
0.3091960549354553	-0.6294748783111572
0.3083175718784332	-0.630694568157196
0.30746790766716003	-0.6318698525428772
0.3064142167568207	-0.6330572366714478
0.3055885434150696	-0.6342422366142273
0.30461105704307556	-0.6353781223297119
0.303498238325119	-0.6365807056427002
0.30268099904060364	-0.637791097164154
0.3017798066139221	-0.6388810873031616
0.3007862865924835	-0.6400492787361145
0.2999216616153717	-0.6409941911697388
0.29904088377952576	-0.6422926783561707
0.29796671867370605	-0.6432763338088989
0.2971552610397339	-0.6443607211112976
0.29635393619537354	-0.6455889940261841
0.2952406704425812	-0.6467671990394592
0.29417362809181213	-0.6479177474975586
0.29349032044410706	-0.6489743590354919
0.29245898127555847	-0.6500834226608276
0.2914007306098938	-0.651140034198761
0.2905277609825134	-0.6522054672241211
0.28972792625427246	-0.6532430648803711
0.2885771095752716	-0.6542892456054688
0.28786224126815796	-0.6553548574447632
0.286724716424942	-0.65668785572052
0.2858324646949768	-0.6575117707252502
0.2849413752555847	-0.6586169600486755
0.283965140581131	-0.6596495509147644
0.282942533493042	-0.6607043147087097
0.28217557072639465	-0.6617050766944885
0.2811632752418518	-0.6629368662834167
0.2802407741546631	-0.6639741659164429
0.27934587001800537	-0.6649057865142822
0.2783775329589844	-0.6660508513450623
0.2774602174758911	-0.6670711636543274
0.27641698718070984	-0.6679717898368835
0.2756415009498596	-0.6691482067108154
0.274555504322052	-0.6701717376708984
0.2735734283924103	-0.6710260510444641
0.2728210985660553	-0.6722784042358398
0.27168357372283936	-0.6731179356575012
0.2707346975803375	-0.6741220951080322
0.26995426416397095	-0.6751828789710999
0.2689756751060486	-0.6762132048606873
0.2680622935295105	-0.6770325303077698
0.26709747314453125	-0.6781705617904663
0.26615291833877563	-0.679079532623291
0.26515617966651917	-0.6799992322921753
0.2642058730125427	-0.6811123490333557
0.26336756348609924	-0.6820602416992188
0.2624223530292511	-0.6828856468200684
0.26141273975372314	-0.6839830279350281
0.26057350635528564	-0.6848874092102051
0.25955042243003845	-0.6857612133026123
0.2586381733417511	-0.6867800354957581
0.2576448321342468	-0.6878960132598877
0.2566470205783844	-0.6886669993400574
0.25578853487968445	-0.6896919012069702
0.25480979681015015	-0.6906227469444275
0.25390368700027466	-0.6913908123970032
0.2529587745666504	-0.6923914551734924
0.25203776359558105	-0.6933242082595825
0.250949889421463	-0.6943156719207764
0.2500951588153839	-0.695209264755249
0.2491665780544281	-0.6960543394088745
0.2482919991016388	-0.6970487236976624
0.24730980396270752	-0.6980385780334473
0.24641500413417816	-0.6988549828529358
0.24541865289211273	-0.6995798945426941
0.24452629685401917	-0.7005630135536194
0.24367205798625946	-0.7015351057052612
0.2425169050693512	-0.7023196816444397
0.24167707562446594	-0.7032690048217773
0.2407900094985962	-0.704153835773468
0.23992587625980377	-0.7050631642341614
0.23890548944473267	-0.7057864665985107
0.2379172146320343	-0.7067558765411377
0.2369820773601532	-0.7075820565223694
0.23611915111541748	-0.7084588408470154
0.2352057844400406	-0.7093530297279358
0.23415115475654602	-0.7101720571517944
0.23328764736652374	-0.7110597491264343
0.23231646418571472	-0.7119076251983643
0.2313658744096756	-0.7127063870429993
0.23053866624832153	-0.7136173844337463
0.22967784106731415	-0.714471161365509
0.22864213585853577	-0.7152103185653687
0.2277393639087677	-0.7160466313362122
0.22675590217113495	-0.7169130444526672
0.22594061493873596	-0.7176228165626526
0.22490519285202026	-0.7184691429138184
0.22406770288944244	-0.7193499803543091
0.22307997941970825	-0.7202650308609009
0.222122460603714	-0.7208272218704224
0.22116877138614655	-0.7217673659324646
0.22024990618228912	-0.7225173711776733
0.21932198107242584	-0.7233257293701172
0.21840010583400726	-0.7241416573524475
0.21742627024650574	-0.7249082326889038
0.2166360318660736	-0.725618302822113
0.2156384140253067	-0.7264719009399414
0.21469959616661072	-0.7271372675895691
0.21379075944423676	-0.7281789183616638
0.21295323967933655	-0.7288030982017517
0.21194271743297577	-0.7297002077102661
0.21117591857910156	-0.7304756045341492
0.2101217359304428	-0.7311626672744751
0.20913714170455933	-0.7319219708442688
0.20840761065483093	-0.7326617240905762
0.20721599459648132	-0.7332823276519775
0.2063802182674408	-0.7340756058692932
0.20557761192321777	-0.734927237033844
0.20450004935264587	-0.735602855682373
0.20375648140907288	-0.7363523244857788
0.2026781588792801	-0.7370823621749878
0.20184820890426636	-0.7378434538841248
0.2009841650724411	-0.7386128306388855
0.2000933736562729	-0.7393325567245483
0.19915056228637695	-0.7400566935539246
0.19829657673835754	-0.7406901717185974
0.19721606373786926	-0.7415114045143127
0.1962948590517044	-0.7422999739646912
0.19538238644599915	-0.7427902817726135
0.1944618672132492	-0.7437219619750977
0.19360892474651337	-0.7442896962165833
0.19270852208137512	-0.7450118064880371
0.1917460411787033	-0.745735228061676
0.19092346727848053	-0.7464331388473511
0.18994572758674622	-0.747184693813324
0.1890856921672821	-0.7478729486465454
0.18819350004196167	-0.7485539317131042
0.1872624009847641	-0.7491258978843689
0.1863594651222229	-0.7499178647994995
0.1854655146598816	-0.7505697011947632
0.18458858132362366	-0.7512526512145996
0.18372929096221924	-0.7518095970153809
0.18271195888519287	-0.7526450157165527
0.18175257742404938	-0.7531855702400208
0.1809988021850586	-0.7538233995437622
0.1801036298274994	-0.7545509338378906
0.17911219596862793	-0.7552090287208557
0.17824344336986542	-0.7558279633522034
0.17747241258621216	-0.7566168904304504
0.1765281856060028	-0.7572128772735596
0.17554257810115814	-0.7579087018966675
0.17481818795204163	-0.7585369944572449
0.17381945252418518	-0.7591649889945984
0.17286062240600586	-0.759791374206543
0.17192856967449188	-0.7604030966758728
0.17111380398273468	-0.7610389590263367
0.17017266154289246	-0.7616530656814575
0.16948804259300232	-0.762377917766571
0.16850629448890686	-0.7629707455635071
0.1675184667110443	-0.7634977698326111
0.166835218667984	-0.7642831206321716
0.1658458411693573	-0.764777421951294
0.16489431262016296	-0.7652462720870972
0.16397251188755035	-0.7661126852035522
0.16308191418647766	-0.766658365726471
0.1622476875782013	-0.7672445178031921
0.1613406240940094	-0.767977237701416
0.1606011986732483	-0.768525242805481
0.15966811776161194	-0.7689462304115295
0.15869829058647156	-0.7697617411613464
0.15786518156528473	-0.7703437805175781
0.15695755183696747	-0.7708572149276733
0.15616503357887268	-0.7714309692382812
0.1552870124578476	-0.772193431854248
0.1543540060520172	-0.7726011872291565
0.1535489559173584	-0.7732218503952026
0.1525888890028	-0.7738128900527954
0.1516842246055603	-0.7742865681648254
0.15083014965057373	-0.774944543838501
0.15002118051052094	-0.7755528092384338
0.14914022386074066	-0.775903582572937
0.14819395542144775	-0.7766231894493103
0.14755861461162567	-0.7771298885345459
0.14652778208255768	-0.7777218818664551
0.14571867883205414	-0.7783371210098267
0.14487192034721375	-0.7790563702583313
0.14399516582489014	-0.7793922424316406
0.1430700570344925	-0.7798802256584167
0.14220866560935974	-0.7804683446884155
0.14131760597229004	-0.7811266183853149
0.14050504565238953	-0.7815871238708496
0.13974130153656006	-0.7820846438407898
0.138870969414711	-0.782683789730072
0.13795115053653717	-0.7831310629844666
0.13716542720794678	-0.7837432622909546
0.1361275315284729	-0.7843499183654785
0.13537728786468506	-0.7847895622253418
0.13439378142356873	-0.7853311896324158
0.13363996148109436	-0.785923957824707
0.1328277587890625	-0.786564826965332
0.13194021582603455	-0.7868483066558838
0.13104256987571716	-0.7874993681907654
0.13037516176700592	-0.7878563404083252
0.12925031781196594	-0.788478672504425
0.12858039140701294	-0.7889926433563232
0.12772229313850403	-0.789417564868927
0.1269511878490448	-0.789994478225708
0.12601792812347412	-0.7904704809188843
0.12523312866687775	-0.7909854054450989
0.12429700791835785	-0.7914994955062866
0.12358154356479645	-0.7919238805770874
0.12267516553401947	-0.7924283742904663
0.12193401902914047	-0.7928044199943542
0.12095467001199722	-0.7933635115623474
0.12023551762104034	-0.7940127849578857
0.11928265541791916	-0.7945302128791809
0.11847731471061707	-0.7949702143669128
0.11765386164188385	-0.7953481674194336
0.11677300184965134	-0.7958334684371948
0.11596722900867462	-0.7963548898696899
0.11516080796718597	-0.7968800067901611
0.11426997929811478	-0.7973254323005676
0.11349039524793625	-0.7977983355522156
0.11272533982992172	-0.7982510924339294
0.11181525886058807	-0.7986022233963013
0.11093059927225113	-0.7990704774856567
0.11024495214223862	-0.7996393442153931
0.10930026322603226	-0.8001142740249634
0.10849934071302414	-0.8004321455955505
0.10774704813957214	-0.8009951114654541
0.10685507208108902	-0.8015744686126709
0.10604092478752136	-0.801790714263916
0.10529500991106033	-0.8024836182594299
0.10453479737043381	-0.8028772473335266
0.10354940593242645	-0.8031647205352783
0.10283017158508301	-0.8038651347160339
0.10200482606887817	-0.804187536239624
0.10124744474887848	-0.8045801520347595
0.100428506731987	-0.8050118088722229
0.09957538545131683	-0.8054893016815186
0.09863579273223877	-0.8058651089668274
0.09795553237199783	-0.8063738942146301
0.09726978838443756	-0.806743860244751
0.0963546559214592	-0.807328999042511
0.09542995691299438	-0.8075183033943176
0.09483896940946579	-0.8080676794052124
0.09389611333608627	-0.8083654046058655
0.09313508868217468	-0.808776319026947
0.09228911995887756	-0.8092643022537231
0.09156467020511627	-0.809645414352417
0.09071872383356094	-0.8100370168685913
0.09000226855278015	-0.8105355501174927
0.08911238610744476	-0.8109919428825378
0.08822255581617355	-0.8112328052520752
0.08754183351993561	-0.8117539882659912
0.08672887086868286	-0.8122367858886719
0.08592019975185394	-0.8124827742576599
0.0852932408452034	-0.8129144906997681
0.08440575003623962	-0.813416600227356
0.08358274400234222	-0.8136043548583984
0.08272029459476471	-0.8141721487045288
0.0820368081331253	-0.8145840764045715
0.08116421103477478	-0.8149221539497375
0.08040516823530197	-0.8153932094573975
0.07956009358167648	-0.8156939148902893
0.07871171832084656	-0.8161566257476807
0.0780685618519783	-0.8165364861488342
0.07716763764619827	-0.8168392777442932
0.07642048597335815	-0.8173141479492188
0.07579860091209412	-0.8176462650299072
0.07494765520095825	-0.8180301785469055
0.07407554984092712	-0.8183861970901489
0.07333271205425262	-0.8186663389205933
0.07257835566997528	-0.8192076683044434
0.07175306975841522	-0.8196075558662415
0.07110174745321274	-0.8199745416641235
0.07029661536216736	-0.8203266263008118
0.06942429393529892	-0.8206068873405457
0.06881280243396759	-0.8208320140838623
0.06790359318256378	-0.821390688419342
0.0670778676867485	-0.8217318654060364
0.06648313254117966	-0.8220602869987488
0.06555572152137756	-0.8223929405212402
0.06491220742464066	-0.822803258895874
0.06402160227298737	-0.8231068253517151
0.06339500844478607	-0.8234384059906006
0.06257922947406769	-0.8237862586975098
0.06170045956969261	-0.8241336941719055
0.0609910823404789	-0.8244827389717102
0.06031598895788193	-0.8248828649520874
0.05948203057050705	-0.8252338767051697
0.058774303644895554	-0.8254966735839844
0.05802186205983162	-0.825843095779419
0.05708926171064377	-0.8262392282485962
0.05660489201545715	-0.8264555931091309
0.05571417510509491	-0.8267862796783447
0.0550653338432312	-0.8272655010223389
0.05433458834886551	-0.8275091648101807
0.05354548990726471	-0.8279555439949036
0.05269217491149902	-0.828281581401825
0.051992226392030716	-0.8284938335418701
0.05119655281305313	-0.8288270235061646
0.0505729503929615	-0.8291293382644653
0.04973625764250755	-0.8296078443527222
0.049088817089796066	-0.8298479914665222
0.04824669286608696	-0.8301688432693481
0.0474659763276577	-0.8303720355033875
0.04687351733446121	-0.8307965397834778
0.04608137160539627	-0.8311848640441895
0.045333072543144226	-0.8313770294189453
0.04464086517691612	-0.8317444324493408
0.043871697038412094	-0.8319857120513916
0.04309820383787155	-0.8322914838790894
0.04238533228635788	-0.8326189517974854
0.04169886186718941	-0.8330025672912598
0.040857166051864624	-0.8332288265228271
0.04011376202106476	-0.8335393667221069
0.03946848586201668	-0.8339009284973145
0.03868097439408302	-0.8340784311294556
0.037860944867134094	-0.8344101905822754
